zero  = [ 0 1 1 1 0;...
          1 0 0 0 1;...
          1 0 0 0 1;...
          1 0 0 0 1;...
          0 1 1 1 0];
one   = [ 0 1 1 0 0;...
          0 0 1 0 0;...
          0 0 1 0 0;...
          0 0 1 0 0;...
          0 0 1 0 0];
two   = [ 0 1 1 0 0;...
          1 0 0 1 0;...
          0 0 1 0 0;...
          0 1 0 0 0;...
          1 1 1 1 0];
three = [ 1 1 1 1 0;...
          0 0 0 1 0;...
          0 1 1 1 0;...
          0 0 0 1 0;...
          1 1 1 1 0];
four  = [ 1 0 0 1 0;...
          1 0 0 1 0;...
          1 1 1 1 0;...
          0 0 0 1 0;...
          0 0 0 1 0];
five  = [ 0 1 1 1 0;...
          1 0 0 0 0;...
          1 1 1 1 0;...
          0 0 0 1 0;...
          1 1 1 1 0];
six   = [ 1 1 1 1 0;...
          1 0 0 0 0;...
          1 1 1 1 0;...
          1 0 0 1 0;...
          1 1 1 1 0];
seven = [ 1 1 1 1 0;...
          0 0 0 1 0;...
          0 0 1 0 0;...
          0 1 0 0 0;...
          1 0 0 0 0];
eight = [ 1 1 1 1 0;...
          1 0 0 1 0;...
          0 1 1 0 0;...
          1 0 0 1 0;...
          1 1 1 1 0];
nine  = [ 1 1 1 1 0;...
          1 0 0 1 0;...
          1 1 1 1 0;...
          0 0 0 1 0;...
          1 1 1 1 0];